{
 "cells": [
  {
   "cell_type": "markdown",
   "metadata": {},
   "source": [
    "# Urychlení deduplikace pomocí vektorizovaných operací místo for-cyklů\n",
    "\n",
    "# Příprava\n",
    "\n",
    "Začátek je v kondenzované podobě stejný jako u `2-99-final.ipynb`, komentáře případně viz tam."
   ]
  },
  {
   "cell_type": "code",
   "execution_count": 1,
   "metadata": {},
   "outputs": [],
   "source": [
    "def flatten(lst, accumulator=None):\n",
    "    if accumulator is None:\n",
    "        accumulator = []\n",
    "    for item in lst:\n",
    "        if isinstance(item, list):\n",
    "            flatten(item, accumulator)\n",
    "        else:\n",
    "            accumulator.append(item)\n",
    "    return accumulator"
   ]
  },
  {
   "cell_type": "code",
   "execution_count": 2,
   "metadata": {},
   "outputs": [],
   "source": [
    "from nltk.corpus import abc\n",
    "\n",
    "docs = []\n",
    "for cat in abc.fileids():\n",
    "    for doc in abc.paras(fileids=cat):\n",
    "        docs.append((cat[:-4], flatten(doc)))"
   ]
  },
  {
   "cell_type": "code",
   "execution_count": 3,
   "metadata": {},
   "outputs": [],
   "source": [
    "import random\n",
    "\n",
    "def make_dirty(docs):\n",
    "    random.seed(100)\n",
    "    dirty_docs = []\n",
    "    for cat, doc in docs:\n",
    "        if random.random() < .1:\n",
    "            dirty_doc = []\n",
    "            for token in doc:\n",
    "                if random.random() > .05:\n",
    "                    dirty_doc.append(token)\n",
    "            dirty_docs.append((cat, dirty_doc))\n",
    "        dirty_docs.append((cat, doc))\n",
    "    random.shuffle(dirty_docs)\n",
    "    return dirty_docs"
   ]
  },
  {
   "cell_type": "code",
   "execution_count": 4,
   "metadata": {},
   "outputs": [
    {
     "data": {
      "text/plain": [
       "(3189, 3492)"
      ]
     },
     "execution_count": 4,
     "metadata": {},
     "output_type": "execute_result"
    }
   ],
   "source": [
    "dirty_docs = make_dirty(docs)\n",
    "len(docs), len(dirty_docs)"
   ]
  },
  {
   "cell_type": "code",
   "execution_count": 5,
   "metadata": {},
   "outputs": [],
   "source": [
    "import gensim as gs\n",
    "\n",
    "dirty_dictionary = gs.corpora.Dictionary(d for _, d in dirty_docs)\n",
    "dirty_corpus = [dirty_dictionary.doc2bow(d) for _, d in dirty_docs]\n",
    "tfidf_model = gs.models.TfidfModel(dirty_corpus)\n",
    "dirty_corpus_tfidf = tfidf_model[dirty_corpus]\n",
    "matrix_similarity = gs.similarities.MatrixSimilarity(dirty_corpus_tfidf)"
   ]
  },
  {
   "cell_type": "markdown",
   "metadata": {},
   "source": [
    "# Kompletní pole / tabulka / matice podobností\n",
    "\n",
    "A teď -- místo abychom podobnosti procházeli ve dvou vnořených for-cyklech, načteme je všechny do jedné dvourozměrné tabulky (přísně vzato *pole*, angl. *array*) pomocí knihovny `numpy` a třídy `ndarray`:"
   ]
  },
  {
   "cell_type": "code",
   "execution_count": 6,
   "metadata": {},
   "outputs": [
    {
     "data": {
      "text/plain": [
       "array([[1.00000012e+00, 2.35655364e-02, 3.09740119e-02, ...,\n",
       "        2.02843230e-02, 2.59479042e-04, 6.02959772e-04],\n",
       "       [2.35655364e-02, 1.00000000e+00, 1.13137057e-02, ...,\n",
       "        3.09589151e-02, 1.60119273e-02, 1.49210449e-02],\n",
       "       [3.09740119e-02, 1.13137057e-02, 1.00000000e+00, ...,\n",
       "        2.61870120e-03, 1.29912505e-02, 1.95524725e-03],\n",
       "       ...,\n",
       "       [2.02843230e-02, 3.09589151e-02, 2.61870120e-03, ...,\n",
       "        1.00000012e+00, 3.61138693e-04, 6.46825973e-03],\n",
       "       [2.59479042e-04, 1.60119273e-02, 1.29912505e-02, ...,\n",
       "        3.61138693e-04, 1.00000000e+00, 3.33650759e-03],\n",
       "       [6.02959772e-04, 1.49210449e-02, 1.95524725e-03, ...,\n",
       "        6.46825973e-03, 3.33650759e-03, 9.99999940e-01]], dtype=float32)"
      ]
     },
     "execution_count": 6,
     "metadata": {},
     "output_type": "execute_result"
    }
   ],
   "source": [
    "import numpy as np\n",
    "\n",
    "similarity_table = np.array(matrix_similarity)\n",
    "similarity_table"
   ]
  },
  {
   "cell_type": "code",
   "execution_count": 7,
   "metadata": {},
   "outputs": [
    {
     "data": {
      "text/plain": [
       "numpy.ndarray"
      ]
     },
     "execution_count": 7,
     "metadata": {},
     "output_type": "execute_result"
    }
   ],
   "source": [
    "type(similarity_table)"
   ]
  },
  {
   "cell_type": "code",
   "execution_count": 8,
   "metadata": {},
   "outputs": [
    {
     "data": {
      "text/plain": [
       "2"
      ]
     },
     "execution_count": 8,
     "metadata": {},
     "output_type": "execute_result"
    }
   ],
   "source": [
    "# objekty typu array můžou teoreticky mít libovolný\n",
    "# počet rozměrů, tento náš je dvourozměrná tabulka\n",
    "similarity_table.ndim"
   ]
  },
  {
   "cell_type": "code",
   "execution_count": 9,
   "metadata": {},
   "outputs": [
    {
     "data": {
      "text/plain": [
       "(3492, 3492)"
      ]
     },
     "execution_count": 9,
     "metadata": {},
     "output_type": "execute_result"
    }
   ],
   "source": [
    "# počet řádků a sloupců\n",
    "similarity_table.shape"
   ]
  },
  {
   "cell_type": "markdown",
   "metadata": {},
   "source": [
    "Pro trošku přehlednější a lépe čitelné zobrazení můžeme `ndarray` pomocí knihovny `pandas` převést na tzv. `DataFrame`:"
   ]
  },
  {
   "cell_type": "code",
   "execution_count": 10,
   "metadata": {},
   "outputs": [
    {
     "data": {
      "text/html": [
       "<div>\n",
       "<style scoped>\n",
       "    .dataframe tbody tr th:only-of-type {\n",
       "        vertical-align: middle;\n",
       "    }\n",
       "\n",
       "    .dataframe tbody tr th {\n",
       "        vertical-align: top;\n",
       "    }\n",
       "\n",
       "    .dataframe thead th {\n",
       "        text-align: right;\n",
       "    }\n",
       "</style>\n",
       "<table border=\"1\" class=\"dataframe\">\n",
       "  <thead>\n",
       "    <tr style=\"text-align: right;\">\n",
       "      <th></th>\n",
       "      <th>0</th>\n",
       "      <th>1</th>\n",
       "      <th>2</th>\n",
       "      <th>3</th>\n",
       "      <th>4</th>\n",
       "      <th>5</th>\n",
       "      <th>6</th>\n",
       "      <th>7</th>\n",
       "      <th>8</th>\n",
       "      <th>9</th>\n",
       "      <th>...</th>\n",
       "      <th>3482</th>\n",
       "      <th>3483</th>\n",
       "      <th>3484</th>\n",
       "      <th>3485</th>\n",
       "      <th>3486</th>\n",
       "      <th>3487</th>\n",
       "      <th>3488</th>\n",
       "      <th>3489</th>\n",
       "      <th>3490</th>\n",
       "      <th>3491</th>\n",
       "    </tr>\n",
       "  </thead>\n",
       "  <tbody>\n",
       "    <tr>\n",
       "      <th>0</th>\n",
       "      <td>1.000000</td>\n",
       "      <td>0.023566</td>\n",
       "      <td>0.030974</td>\n",
       "      <td>0.006135</td>\n",
       "      <td>0.048488</td>\n",
       "      <td>0.014640</td>\n",
       "      <td>0.001964</td>\n",
       "      <td>0.004974</td>\n",
       "      <td>0.034417</td>\n",
       "      <td>0.007292</td>\n",
       "      <td>...</td>\n",
       "      <td>0.005511</td>\n",
       "      <td>0.004699</td>\n",
       "      <td>0.015097</td>\n",
       "      <td>0.029083</td>\n",
       "      <td>0.002398</td>\n",
       "      <td>0.014274</td>\n",
       "      <td>0.000493</td>\n",
       "      <td>0.020284</td>\n",
       "      <td>0.000259</td>\n",
       "      <td>0.000603</td>\n",
       "    </tr>\n",
       "    <tr>\n",
       "      <th>1</th>\n",
       "      <td>0.023566</td>\n",
       "      <td>1.000000</td>\n",
       "      <td>0.011314</td>\n",
       "      <td>0.017849</td>\n",
       "      <td>0.005569</td>\n",
       "      <td>0.007815</td>\n",
       "      <td>0.015914</td>\n",
       "      <td>0.007599</td>\n",
       "      <td>0.008650</td>\n",
       "      <td>0.016335</td>\n",
       "      <td>...</td>\n",
       "      <td>0.007180</td>\n",
       "      <td>0.012245</td>\n",
       "      <td>0.006294</td>\n",
       "      <td>0.029293</td>\n",
       "      <td>0.005592</td>\n",
       "      <td>0.007113</td>\n",
       "      <td>0.006032</td>\n",
       "      <td>0.030959</td>\n",
       "      <td>0.016012</td>\n",
       "      <td>0.014921</td>\n",
       "    </tr>\n",
       "    <tr>\n",
       "      <th>2</th>\n",
       "      <td>0.030974</td>\n",
       "      <td>0.011314</td>\n",
       "      <td>1.000000</td>\n",
       "      <td>0.002780</td>\n",
       "      <td>0.013671</td>\n",
       "      <td>0.006871</td>\n",
       "      <td>0.011316</td>\n",
       "      <td>0.005081</td>\n",
       "      <td>0.034592</td>\n",
       "      <td>0.008189</td>\n",
       "      <td>...</td>\n",
       "      <td>0.001082</td>\n",
       "      <td>0.001999</td>\n",
       "      <td>0.002476</td>\n",
       "      <td>0.028271</td>\n",
       "      <td>0.002103</td>\n",
       "      <td>0.028489</td>\n",
       "      <td>0.003087</td>\n",
       "      <td>0.002619</td>\n",
       "      <td>0.012991</td>\n",
       "      <td>0.001955</td>\n",
       "    </tr>\n",
       "    <tr>\n",
       "      <th>3</th>\n",
       "      <td>0.006135</td>\n",
       "      <td>0.017849</td>\n",
       "      <td>0.002780</td>\n",
       "      <td>1.000000</td>\n",
       "      <td>0.007520</td>\n",
       "      <td>0.013662</td>\n",
       "      <td>0.002640</td>\n",
       "      <td>0.006594</td>\n",
       "      <td>0.003020</td>\n",
       "      <td>0.008687</td>\n",
       "      <td>...</td>\n",
       "      <td>0.003500</td>\n",
       "      <td>0.005177</td>\n",
       "      <td>0.011035</td>\n",
       "      <td>0.009338</td>\n",
       "      <td>0.003348</td>\n",
       "      <td>0.007391</td>\n",
       "      <td>0.001788</td>\n",
       "      <td>0.003293</td>\n",
       "      <td>0.025259</td>\n",
       "      <td>0.015452</td>\n",
       "    </tr>\n",
       "    <tr>\n",
       "      <th>4</th>\n",
       "      <td>0.048488</td>\n",
       "      <td>0.005569</td>\n",
       "      <td>0.013671</td>\n",
       "      <td>0.007520</td>\n",
       "      <td>1.000000</td>\n",
       "      <td>0.027734</td>\n",
       "      <td>0.006407</td>\n",
       "      <td>0.010601</td>\n",
       "      <td>0.006067</td>\n",
       "      <td>0.008334</td>\n",
       "      <td>...</td>\n",
       "      <td>0.067801</td>\n",
       "      <td>0.011323</td>\n",
       "      <td>0.049884</td>\n",
       "      <td>0.006692</td>\n",
       "      <td>0.005013</td>\n",
       "      <td>0.020604</td>\n",
       "      <td>0.036756</td>\n",
       "      <td>0.016701</td>\n",
       "      <td>0.003415</td>\n",
       "      <td>0.008411</td>\n",
       "    </tr>\n",
       "    <tr>\n",
       "      <th>...</th>\n",
       "      <td>...</td>\n",
       "      <td>...</td>\n",
       "      <td>...</td>\n",
       "      <td>...</td>\n",
       "      <td>...</td>\n",
       "      <td>...</td>\n",
       "      <td>...</td>\n",
       "      <td>...</td>\n",
       "      <td>...</td>\n",
       "      <td>...</td>\n",
       "      <td>...</td>\n",
       "      <td>...</td>\n",
       "      <td>...</td>\n",
       "      <td>...</td>\n",
       "      <td>...</td>\n",
       "      <td>...</td>\n",
       "      <td>...</td>\n",
       "      <td>...</td>\n",
       "      <td>...</td>\n",
       "      <td>...</td>\n",
       "      <td>...</td>\n",
       "    </tr>\n",
       "    <tr>\n",
       "      <th>3487</th>\n",
       "      <td>0.014274</td>\n",
       "      <td>0.007113</td>\n",
       "      <td>0.028489</td>\n",
       "      <td>0.007391</td>\n",
       "      <td>0.020604</td>\n",
       "      <td>0.007797</td>\n",
       "      <td>0.029100</td>\n",
       "      <td>0.010674</td>\n",
       "      <td>0.036847</td>\n",
       "      <td>0.022709</td>\n",
       "      <td>...</td>\n",
       "      <td>0.009055</td>\n",
       "      <td>0.019783</td>\n",
       "      <td>0.056052</td>\n",
       "      <td>0.014436</td>\n",
       "      <td>0.018465</td>\n",
       "      <td>1.000000</td>\n",
       "      <td>0.191710</td>\n",
       "      <td>0.025678</td>\n",
       "      <td>0.022279</td>\n",
       "      <td>0.020921</td>\n",
       "    </tr>\n",
       "    <tr>\n",
       "      <th>3488</th>\n",
       "      <td>0.000493</td>\n",
       "      <td>0.006032</td>\n",
       "      <td>0.003087</td>\n",
       "      <td>0.001788</td>\n",
       "      <td>0.036756</td>\n",
       "      <td>0.004267</td>\n",
       "      <td>0.001284</td>\n",
       "      <td>0.009257</td>\n",
       "      <td>0.004288</td>\n",
       "      <td>0.024809</td>\n",
       "      <td>...</td>\n",
       "      <td>0.005657</td>\n",
       "      <td>0.007473</td>\n",
       "      <td>0.027228</td>\n",
       "      <td>0.018072</td>\n",
       "      <td>0.017672</td>\n",
       "      <td>0.191710</td>\n",
       "      <td>1.000000</td>\n",
       "      <td>0.018912</td>\n",
       "      <td>0.025898</td>\n",
       "      <td>0.005283</td>\n",
       "    </tr>\n",
       "    <tr>\n",
       "      <th>3489</th>\n",
       "      <td>0.020284</td>\n",
       "      <td>0.030959</td>\n",
       "      <td>0.002619</td>\n",
       "      <td>0.003293</td>\n",
       "      <td>0.016701</td>\n",
       "      <td>0.004636</td>\n",
       "      <td>0.004173</td>\n",
       "      <td>0.010352</td>\n",
       "      <td>0.010198</td>\n",
       "      <td>0.027463</td>\n",
       "      <td>...</td>\n",
       "      <td>0.026872</td>\n",
       "      <td>0.019128</td>\n",
       "      <td>0.009421</td>\n",
       "      <td>0.013752</td>\n",
       "      <td>0.059230</td>\n",
       "      <td>0.025678</td>\n",
       "      <td>0.018912</td>\n",
       "      <td>1.000000</td>\n",
       "      <td>0.000361</td>\n",
       "      <td>0.006468</td>\n",
       "    </tr>\n",
       "    <tr>\n",
       "      <th>3490</th>\n",
       "      <td>0.000259</td>\n",
       "      <td>0.016012</td>\n",
       "      <td>0.012991</td>\n",
       "      <td>0.025259</td>\n",
       "      <td>0.003415</td>\n",
       "      <td>0.000212</td>\n",
       "      <td>0.027288</td>\n",
       "      <td>0.010643</td>\n",
       "      <td>0.013706</td>\n",
       "      <td>0.009627</td>\n",
       "      <td>...</td>\n",
       "      <td>0.009945</td>\n",
       "      <td>0.000705</td>\n",
       "      <td>0.031996</td>\n",
       "      <td>0.002664</td>\n",
       "      <td>0.021818</td>\n",
       "      <td>0.022279</td>\n",
       "      <td>0.025898</td>\n",
       "      <td>0.000361</td>\n",
       "      <td>1.000000</td>\n",
       "      <td>0.003337</td>\n",
       "    </tr>\n",
       "    <tr>\n",
       "      <th>3491</th>\n",
       "      <td>0.000603</td>\n",
       "      <td>0.014921</td>\n",
       "      <td>0.001955</td>\n",
       "      <td>0.015452</td>\n",
       "      <td>0.008411</td>\n",
       "      <td>0.009501</td>\n",
       "      <td>0.010100</td>\n",
       "      <td>0.008587</td>\n",
       "      <td>0.012153</td>\n",
       "      <td>0.013588</td>\n",
       "      <td>...</td>\n",
       "      <td>0.018714</td>\n",
       "      <td>0.012290</td>\n",
       "      <td>0.011487</td>\n",
       "      <td>0.004894</td>\n",
       "      <td>0.016529</td>\n",
       "      <td>0.020921</td>\n",
       "      <td>0.005283</td>\n",
       "      <td>0.006468</td>\n",
       "      <td>0.003337</td>\n",
       "      <td>1.000000</td>\n",
       "    </tr>\n",
       "  </tbody>\n",
       "</table>\n",
       "<p>3492 rows × 3492 columns</p>\n",
       "</div>"
      ],
      "text/plain": [
       "          0         1         2         3         4         5         6     \\\n",
       "0     1.000000  0.023566  0.030974  0.006135  0.048488  0.014640  0.001964   \n",
       "1     0.023566  1.000000  0.011314  0.017849  0.005569  0.007815  0.015914   \n",
       "2     0.030974  0.011314  1.000000  0.002780  0.013671  0.006871  0.011316   \n",
       "3     0.006135  0.017849  0.002780  1.000000  0.007520  0.013662  0.002640   \n",
       "4     0.048488  0.005569  0.013671  0.007520  1.000000  0.027734  0.006407   \n",
       "...        ...       ...       ...       ...       ...       ...       ...   \n",
       "3487  0.014274  0.007113  0.028489  0.007391  0.020604  0.007797  0.029100   \n",
       "3488  0.000493  0.006032  0.003087  0.001788  0.036756  0.004267  0.001284   \n",
       "3489  0.020284  0.030959  0.002619  0.003293  0.016701  0.004636  0.004173   \n",
       "3490  0.000259  0.016012  0.012991  0.025259  0.003415  0.000212  0.027288   \n",
       "3491  0.000603  0.014921  0.001955  0.015452  0.008411  0.009501  0.010100   \n",
       "\n",
       "          7         8         9     ...      3482      3483      3484  \\\n",
       "0     0.004974  0.034417  0.007292  ...  0.005511  0.004699  0.015097   \n",
       "1     0.007599  0.008650  0.016335  ...  0.007180  0.012245  0.006294   \n",
       "2     0.005081  0.034592  0.008189  ...  0.001082  0.001999  0.002476   \n",
       "3     0.006594  0.003020  0.008687  ...  0.003500  0.005177  0.011035   \n",
       "4     0.010601  0.006067  0.008334  ...  0.067801  0.011323  0.049884   \n",
       "...        ...       ...       ...  ...       ...       ...       ...   \n",
       "3487  0.010674  0.036847  0.022709  ...  0.009055  0.019783  0.056052   \n",
       "3488  0.009257  0.004288  0.024809  ...  0.005657  0.007473  0.027228   \n",
       "3489  0.010352  0.010198  0.027463  ...  0.026872  0.019128  0.009421   \n",
       "3490  0.010643  0.013706  0.009627  ...  0.009945  0.000705  0.031996   \n",
       "3491  0.008587  0.012153  0.013588  ...  0.018714  0.012290  0.011487   \n",
       "\n",
       "          3485      3486      3487      3488      3489      3490      3491  \n",
       "0     0.029083  0.002398  0.014274  0.000493  0.020284  0.000259  0.000603  \n",
       "1     0.029293  0.005592  0.007113  0.006032  0.030959  0.016012  0.014921  \n",
       "2     0.028271  0.002103  0.028489  0.003087  0.002619  0.012991  0.001955  \n",
       "3     0.009338  0.003348  0.007391  0.001788  0.003293  0.025259  0.015452  \n",
       "4     0.006692  0.005013  0.020604  0.036756  0.016701  0.003415  0.008411  \n",
       "...        ...       ...       ...       ...       ...       ...       ...  \n",
       "3487  0.014436  0.018465  1.000000  0.191710  0.025678  0.022279  0.020921  \n",
       "3488  0.018072  0.017672  0.191710  1.000000  0.018912  0.025898  0.005283  \n",
       "3489  0.013752  0.059230  0.025678  0.018912  1.000000  0.000361  0.006468  \n",
       "3490  0.002664  0.021818  0.022279  0.025898  0.000361  1.000000  0.003337  \n",
       "3491  0.004894  0.016529  0.020921  0.005283  0.006468  0.003337  1.000000  \n",
       "\n",
       "[3492 rows x 3492 columns]"
      ]
     },
     "execution_count": 10,
     "metadata": {},
     "output_type": "execute_result"
    }
   ],
   "source": [
    "import pandas as pd\n",
    "\n",
    "df = pd.DataFrame(similarity_table)\n",
    "df"
   ]
  },
  {
   "cell_type": "markdown",
   "metadata": {},
   "source": [
    "A případně si vyříznout jen část tabulky jako náhled (zde vzájemné podobnosti mezi prvními deseti dokumenty):"
   ]
  },
  {
   "cell_type": "code",
   "execution_count": 11,
   "metadata": {},
   "outputs": [
    {
     "data": {
      "text/html": [
       "<div>\n",
       "<style scoped>\n",
       "    .dataframe tbody tr th:only-of-type {\n",
       "        vertical-align: middle;\n",
       "    }\n",
       "\n",
       "    .dataframe tbody tr th {\n",
       "        vertical-align: top;\n",
       "    }\n",
       "\n",
       "    .dataframe thead th {\n",
       "        text-align: right;\n",
       "    }\n",
       "</style>\n",
       "<table border=\"1\" class=\"dataframe\">\n",
       "  <thead>\n",
       "    <tr style=\"text-align: right;\">\n",
       "      <th></th>\n",
       "      <th>0</th>\n",
       "      <th>1</th>\n",
       "      <th>2</th>\n",
       "      <th>3</th>\n",
       "      <th>4</th>\n",
       "      <th>5</th>\n",
       "      <th>6</th>\n",
       "      <th>7</th>\n",
       "      <th>8</th>\n",
       "      <th>9</th>\n",
       "    </tr>\n",
       "  </thead>\n",
       "  <tbody>\n",
       "    <tr>\n",
       "      <th>0</th>\n",
       "      <td>1.000000</td>\n",
       "      <td>0.023566</td>\n",
       "      <td>0.030974</td>\n",
       "      <td>0.006135</td>\n",
       "      <td>0.048488</td>\n",
       "      <td>0.014640</td>\n",
       "      <td>0.001964</td>\n",
       "      <td>0.004974</td>\n",
       "      <td>0.034417</td>\n",
       "      <td>0.007292</td>\n",
       "    </tr>\n",
       "    <tr>\n",
       "      <th>1</th>\n",
       "      <td>0.023566</td>\n",
       "      <td>1.000000</td>\n",
       "      <td>0.011314</td>\n",
       "      <td>0.017849</td>\n",
       "      <td>0.005569</td>\n",
       "      <td>0.007815</td>\n",
       "      <td>0.015914</td>\n",
       "      <td>0.007599</td>\n",
       "      <td>0.008650</td>\n",
       "      <td>0.016335</td>\n",
       "    </tr>\n",
       "    <tr>\n",
       "      <th>2</th>\n",
       "      <td>0.030974</td>\n",
       "      <td>0.011314</td>\n",
       "      <td>1.000000</td>\n",
       "      <td>0.002780</td>\n",
       "      <td>0.013671</td>\n",
       "      <td>0.006871</td>\n",
       "      <td>0.011316</td>\n",
       "      <td>0.005081</td>\n",
       "      <td>0.034592</td>\n",
       "      <td>0.008189</td>\n",
       "    </tr>\n",
       "    <tr>\n",
       "      <th>3</th>\n",
       "      <td>0.006135</td>\n",
       "      <td>0.017849</td>\n",
       "      <td>0.002780</td>\n",
       "      <td>1.000000</td>\n",
       "      <td>0.007520</td>\n",
       "      <td>0.013662</td>\n",
       "      <td>0.002640</td>\n",
       "      <td>0.006594</td>\n",
       "      <td>0.003020</td>\n",
       "      <td>0.008687</td>\n",
       "    </tr>\n",
       "    <tr>\n",
       "      <th>4</th>\n",
       "      <td>0.048488</td>\n",
       "      <td>0.005569</td>\n",
       "      <td>0.013671</td>\n",
       "      <td>0.007520</td>\n",
       "      <td>1.000000</td>\n",
       "      <td>0.027734</td>\n",
       "      <td>0.006407</td>\n",
       "      <td>0.010601</td>\n",
       "      <td>0.006067</td>\n",
       "      <td>0.008334</td>\n",
       "    </tr>\n",
       "    <tr>\n",
       "      <th>5</th>\n",
       "      <td>0.014640</td>\n",
       "      <td>0.007815</td>\n",
       "      <td>0.006871</td>\n",
       "      <td>0.013662</td>\n",
       "      <td>0.027734</td>\n",
       "      <td>1.000000</td>\n",
       "      <td>0.008127</td>\n",
       "      <td>0.003067</td>\n",
       "      <td>0.001164</td>\n",
       "      <td>0.005920</td>\n",
       "    </tr>\n",
       "    <tr>\n",
       "      <th>6</th>\n",
       "      <td>0.001964</td>\n",
       "      <td>0.015914</td>\n",
       "      <td>0.011316</td>\n",
       "      <td>0.002640</td>\n",
       "      <td>0.006407</td>\n",
       "      <td>0.008127</td>\n",
       "      <td>1.000000</td>\n",
       "      <td>0.007783</td>\n",
       "      <td>0.026696</td>\n",
       "      <td>0.014562</td>\n",
       "    </tr>\n",
       "    <tr>\n",
       "      <th>7</th>\n",
       "      <td>0.004974</td>\n",
       "      <td>0.007599</td>\n",
       "      <td>0.005081</td>\n",
       "      <td>0.006594</td>\n",
       "      <td>0.010601</td>\n",
       "      <td>0.003067</td>\n",
       "      <td>0.007783</td>\n",
       "      <td>1.000000</td>\n",
       "      <td>0.005986</td>\n",
       "      <td>0.019910</td>\n",
       "    </tr>\n",
       "    <tr>\n",
       "      <th>8</th>\n",
       "      <td>0.034417</td>\n",
       "      <td>0.008650</td>\n",
       "      <td>0.034592</td>\n",
       "      <td>0.003020</td>\n",
       "      <td>0.006067</td>\n",
       "      <td>0.001164</td>\n",
       "      <td>0.026696</td>\n",
       "      <td>0.005986</td>\n",
       "      <td>1.000000</td>\n",
       "      <td>0.020656</td>\n",
       "    </tr>\n",
       "    <tr>\n",
       "      <th>9</th>\n",
       "      <td>0.007292</td>\n",
       "      <td>0.016335</td>\n",
       "      <td>0.008189</td>\n",
       "      <td>0.008687</td>\n",
       "      <td>0.008334</td>\n",
       "      <td>0.005920</td>\n",
       "      <td>0.014562</td>\n",
       "      <td>0.019910</td>\n",
       "      <td>0.020656</td>\n",
       "      <td>1.000000</td>\n",
       "    </tr>\n",
       "  </tbody>\n",
       "</table>\n",
       "</div>"
      ],
      "text/plain": [
       "          0         1         2         3         4         5         6  \\\n",
       "0  1.000000  0.023566  0.030974  0.006135  0.048488  0.014640  0.001964   \n",
       "1  0.023566  1.000000  0.011314  0.017849  0.005569  0.007815  0.015914   \n",
       "2  0.030974  0.011314  1.000000  0.002780  0.013671  0.006871  0.011316   \n",
       "3  0.006135  0.017849  0.002780  1.000000  0.007520  0.013662  0.002640   \n",
       "4  0.048488  0.005569  0.013671  0.007520  1.000000  0.027734  0.006407   \n",
       "5  0.014640  0.007815  0.006871  0.013662  0.027734  1.000000  0.008127   \n",
       "6  0.001964  0.015914  0.011316  0.002640  0.006407  0.008127  1.000000   \n",
       "7  0.004974  0.007599  0.005081  0.006594  0.010601  0.003067  0.007783   \n",
       "8  0.034417  0.008650  0.034592  0.003020  0.006067  0.001164  0.026696   \n",
       "9  0.007292  0.016335  0.008189  0.008687  0.008334  0.005920  0.014562   \n",
       "\n",
       "          7         8         9  \n",
       "0  0.004974  0.034417  0.007292  \n",
       "1  0.007599  0.008650  0.016335  \n",
       "2  0.005081  0.034592  0.008189  \n",
       "3  0.006594  0.003020  0.008687  \n",
       "4  0.010601  0.006067  0.008334  \n",
       "5  0.003067  0.001164  0.005920  \n",
       "6  0.007783  0.026696  0.014562  \n",
       "7  1.000000  0.005986  0.019910  \n",
       "8  0.005986  1.000000  0.020656  \n",
       "9  0.019910  0.020656  1.000000  "
      ]
     },
     "execution_count": 11,
     "metadata": {},
     "output_type": "execute_result"
    }
   ],
   "source": [
    "df.iloc[:10, :10]"
   ]
  },
  {
   "cell_type": "markdown",
   "metadata": {},
   "source": [
    "# Nevýhody for-cyklů v Pythonu\n",
    "\n",
    "Co tím získáme? For-cykly v Pythonu jsou relativně pomalé. Python je tzv. dynamický jazyk, jakákoli proměnná může obsahovat jakoukoli hodnotu -- číslo, řetězec, kolekci... Takže při jakýchkoli operacích musí Python nejprve zkontrolovat, o jaký typ hodnoty se jedná, jestli danou operaci podporuje atp., než se operaci vůbec pokusí vykonat.\n",
    "\n",
    "Ve for-cyklu se zátěž těchhle kontrol nasčítá. Přitom v běžných případech obsahují proměnné v různých opakováních for-cyklu vždycky stejné typy hodnot (např. ve `for i in range(100): ...` bude `i` vždy číslo), takže ideální by bylo, kdyby si Python ve for-cyklu mohl tyhle kontroly ušetřit, respektive odbýt jen jednou hned napoprvé a při dalších opakováních už se spolehnout na to, že `i` bude vždy číslo a jde s ním tedy např. sčítat.\n",
    "\n",
    "Jenže v praxi se na to spolehnout nelze, nic nám totiž nebrání napsat třeba takovýhle kód, kde se v jednom bodě typ hodnoty v proměnné `i` najednou změní:"
   ]
  },
  {
   "cell_type": "code",
   "execution_count": 12,
   "metadata": {
    "tags": [
     "raises-exception"
    ]
   },
   "outputs": [
    {
     "name": "stdout",
     "output_type": "stream",
     "text": [
      "0\n",
      "1\n",
      "4\n",
      "9\n",
      "16\n",
      "25\n"
     ]
    },
    {
     "ename": "TypeError",
     "evalue": "unsupported operand type(s) for ** or pow(): 'str' and 'int'",
     "output_type": "error",
     "traceback": [
      "\u001b[0;31m---------------------------------------------------------------------------\u001b[0m",
      "\u001b[0;31mTypeError\u001b[0m                                 Traceback (most recent call last)",
      "\u001b[0;32m<ipython-input-12-5b8a42cefc5d>\u001b[0m in \u001b[0;36m<module>\u001b[0;34m\u001b[0m\n\u001b[1;32m      2\u001b[0m     \u001b[0;32mif\u001b[0m \u001b[0mi\u001b[0m \u001b[0;34m>\u001b[0m \u001b[0;36m5\u001b[0m\u001b[0;34m:\u001b[0m\u001b[0;34m\u001b[0m\u001b[0;34m\u001b[0m\u001b[0m\n\u001b[1;32m      3\u001b[0m         \u001b[0mi\u001b[0m \u001b[0;34m=\u001b[0m \u001b[0mstr\u001b[0m\u001b[0;34m(\u001b[0m\u001b[0mi\u001b[0m\u001b[0;34m)\u001b[0m\u001b[0;34m\u001b[0m\u001b[0;34m\u001b[0m\u001b[0m\n\u001b[0;32m----> 4\u001b[0;31m     \u001b[0mprint\u001b[0m\u001b[0;34m(\u001b[0m\u001b[0mi\u001b[0m\u001b[0;34m**\u001b[0m\u001b[0;36m2\u001b[0m\u001b[0;34m)\u001b[0m\u001b[0;34m\u001b[0m\u001b[0;34m\u001b[0m\u001b[0m\n\u001b[0m",
      "\u001b[0;31mTypeError\u001b[0m: unsupported operand type(s) for ** or pow(): 'str' and 'int'"
     ]
    }
   ],
   "source": [
    "for i in range(10):\n",
    "    if i > 5:\n",
    "        i = str(i)\n",
    "    print(i**2)"
   ]
  },
  {
   "cell_type": "markdown",
   "metadata": {},
   "source": [
    "Takže Pythonu nezbývá, než to všechno hlídat pokaždé. Nemůže jen tak slepě doufat, že když v `i` bylo jednou číslo, bude v ní číslo pokaždé, a tudíž rovnou provést operaci `i**2`. Musí typ `i` pokaždé zkontrolovat, aby mohl v případě nesrovnalosti vyhodit příslušnou chybu (viz výše).\n",
    "\n",
    "# Vektorizace: hromadné operace bez for-cyklů\n",
    "\n",
    "Naštěstí existují způsoby, jak tento typ hromadného repetitivního zpracování dat v Pythonu urychlit. Např. právě pomocí knihovny `numpy` se můžeme for-cyklům úplně vyhnout: data ukládáme do homogenních polí, která (většinou) obsahují stejné typy hodnot, a aplikujeme na ně tzv. vektorizované operace:"
   ]
  },
  {
   "cell_type": "code",
   "execution_count": 13,
   "metadata": {},
   "outputs": [
    {
     "data": {
      "text/plain": [
       "array([0, 1, 2, 3, 4, 5, 6, 7, 8, 9])"
      ]
     },
     "execution_count": 13,
     "metadata": {},
     "output_type": "execute_result"
    }
   ],
   "source": [
    "pole = np.arange(10)\n",
    "pole"
   ]
  },
  {
   "cell_type": "code",
   "execution_count": 14,
   "metadata": {},
   "outputs": [
    {
     "data": {
      "text/plain": [
       "10"
      ]
     },
     "execution_count": 14,
     "metadata": {},
     "output_type": "execute_result"
    }
   ],
   "source": [
    "# normální součet\n",
    "0 + 10"
   ]
  },
  {
   "cell_type": "code",
   "execution_count": 15,
   "metadata": {},
   "outputs": [
    {
     "data": {
      "text/plain": [
       "array([10, 11, 12, 13, 14, 15, 16, 17, 18, 19])"
      ]
     },
     "execution_count": 15,
     "metadata": {},
     "output_type": "execute_result"
    }
   ],
   "source": [
    "# vektorizovaný součet\n",
    "pole + 10"
   ]
  },
  {
   "cell_type": "markdown",
   "metadata": {},
   "source": [
    "Vektorizované operace se aplikují na všechny prvky pole najednou, takže kontrolu kompatibility typů před provedením operace v tomto případě stačí skutečně provést jen jednou. Python si v příkladu výše ohlídá, že celé pole je číselné a přičítáme k němu číslo, a pak operaci provede ve zrychleném režimu, kdy nemusí kontrolu znovu opakovat pro každé individuální číslo v poli, jako by to musel dělat ve for-cyklu.\n",
    "\n",
    "# Nevýhody vektorizace\n",
    "\n",
    "Jaké má tento přístup naopak nevýhody? Např. tu, že je potřeba kompletní data načíst do paměti najednou, aby s nimi šlo manipulovat naráz. Vnořené for-cykly pracovaly s jednou hodnotou po druhé, což zabírá velmi málo paměti. Naopak s tímto přístupem se nám může snadno stát, že u velkého korpusu nebudeme schopni celou tabulku ani vytvořit. V takovém případě by pak mělo smysl zvolit kompromis a zpracovávat data v nějakých rozumně velkých várkách. Pak nám sice jeden vnější for-cyklus zbyde, ale každé jeho opakování zpracuje celou várku hodnot, čímž si pořád nějaký čas ušetříme.\n",
    "\n",
    "Další nevýhodou pochopitelně je, že vektorizované programování vyžaduje cvik a kreativitu, není vždy snadné a přímočaré \"normální\" program přeložit do vektorizované podoby. A v jistém smyslu je výsledný kód hůře čitelný a srozumitelný než staré dobré for-cykly, byť jde samozřejmě do jisté míry o zvyk.\n",
    "\n",
    "# Vektorizovaný algoritmus deduplikace\n",
    "\n",
    "## Nástin\n",
    "\n",
    "Když teď tedy máme kompletní tabulku podobností, jakým způsobem bychom ji mohli pomocí těchto globálních vektorizovaných operací přetavit v sérii identifikátorů dokumentů k ponechání či odstranění? Nabízím následující řešení (možná to jde i jednodušeji?) -- připomeňme si ještě jednou, jak tabulka vypadá:"
   ]
  },
  {
   "cell_type": "code",
   "execution_count": 16,
   "metadata": {},
   "outputs": [
    {
     "data": {
      "text/html": [
       "<div>\n",
       "<style scoped>\n",
       "    .dataframe tbody tr th:only-of-type {\n",
       "        vertical-align: middle;\n",
       "    }\n",
       "\n",
       "    .dataframe tbody tr th {\n",
       "        vertical-align: top;\n",
       "    }\n",
       "\n",
       "    .dataframe thead th {\n",
       "        text-align: right;\n",
       "    }\n",
       "</style>\n",
       "<table border=\"1\" class=\"dataframe\">\n",
       "  <thead>\n",
       "    <tr style=\"text-align: right;\">\n",
       "      <th></th>\n",
       "      <th>0</th>\n",
       "      <th>1</th>\n",
       "      <th>2</th>\n",
       "      <th>3</th>\n",
       "      <th>4</th>\n",
       "      <th>5</th>\n",
       "      <th>6</th>\n",
       "      <th>7</th>\n",
       "      <th>8</th>\n",
       "      <th>9</th>\n",
       "    </tr>\n",
       "  </thead>\n",
       "  <tbody>\n",
       "    <tr>\n",
       "      <th>0</th>\n",
       "      <td>1.000000</td>\n",
       "      <td>0.023566</td>\n",
       "      <td>0.030974</td>\n",
       "      <td>0.006135</td>\n",
       "      <td>0.048488</td>\n",
       "      <td>0.014640</td>\n",
       "      <td>0.001964</td>\n",
       "      <td>0.004974</td>\n",
       "      <td>0.034417</td>\n",
       "      <td>0.007292</td>\n",
       "    </tr>\n",
       "    <tr>\n",
       "      <th>1</th>\n",
       "      <td>0.023566</td>\n",
       "      <td>1.000000</td>\n",
       "      <td>0.011314</td>\n",
       "      <td>0.017849</td>\n",
       "      <td>0.005569</td>\n",
       "      <td>0.007815</td>\n",
       "      <td>0.015914</td>\n",
       "      <td>0.007599</td>\n",
       "      <td>0.008650</td>\n",
       "      <td>0.016335</td>\n",
       "    </tr>\n",
       "    <tr>\n",
       "      <th>2</th>\n",
       "      <td>0.030974</td>\n",
       "      <td>0.011314</td>\n",
       "      <td>1.000000</td>\n",
       "      <td>0.002780</td>\n",
       "      <td>0.013671</td>\n",
       "      <td>0.006871</td>\n",
       "      <td>0.011316</td>\n",
       "      <td>0.005081</td>\n",
       "      <td>0.034592</td>\n",
       "      <td>0.008189</td>\n",
       "    </tr>\n",
       "    <tr>\n",
       "      <th>3</th>\n",
       "      <td>0.006135</td>\n",
       "      <td>0.017849</td>\n",
       "      <td>0.002780</td>\n",
       "      <td>1.000000</td>\n",
       "      <td>0.007520</td>\n",
       "      <td>0.013662</td>\n",
       "      <td>0.002640</td>\n",
       "      <td>0.006594</td>\n",
       "      <td>0.003020</td>\n",
       "      <td>0.008687</td>\n",
       "    </tr>\n",
       "    <tr>\n",
       "      <th>4</th>\n",
       "      <td>0.048488</td>\n",
       "      <td>0.005569</td>\n",
       "      <td>0.013671</td>\n",
       "      <td>0.007520</td>\n",
       "      <td>1.000000</td>\n",
       "      <td>0.027734</td>\n",
       "      <td>0.006407</td>\n",
       "      <td>0.010601</td>\n",
       "      <td>0.006067</td>\n",
       "      <td>0.008334</td>\n",
       "    </tr>\n",
       "    <tr>\n",
       "      <th>5</th>\n",
       "      <td>0.014640</td>\n",
       "      <td>0.007815</td>\n",
       "      <td>0.006871</td>\n",
       "      <td>0.013662</td>\n",
       "      <td>0.027734</td>\n",
       "      <td>1.000000</td>\n",
       "      <td>0.008127</td>\n",
       "      <td>0.003067</td>\n",
       "      <td>0.001164</td>\n",
       "      <td>0.005920</td>\n",
       "    </tr>\n",
       "    <tr>\n",
       "      <th>6</th>\n",
       "      <td>0.001964</td>\n",
       "      <td>0.015914</td>\n",
       "      <td>0.011316</td>\n",
       "      <td>0.002640</td>\n",
       "      <td>0.006407</td>\n",
       "      <td>0.008127</td>\n",
       "      <td>1.000000</td>\n",
       "      <td>0.007783</td>\n",
       "      <td>0.026696</td>\n",
       "      <td>0.014562</td>\n",
       "    </tr>\n",
       "    <tr>\n",
       "      <th>7</th>\n",
       "      <td>0.004974</td>\n",
       "      <td>0.007599</td>\n",
       "      <td>0.005081</td>\n",
       "      <td>0.006594</td>\n",
       "      <td>0.010601</td>\n",
       "      <td>0.003067</td>\n",
       "      <td>0.007783</td>\n",
       "      <td>1.000000</td>\n",
       "      <td>0.005986</td>\n",
       "      <td>0.019910</td>\n",
       "    </tr>\n",
       "    <tr>\n",
       "      <th>8</th>\n",
       "      <td>0.034417</td>\n",
       "      <td>0.008650</td>\n",
       "      <td>0.034592</td>\n",
       "      <td>0.003020</td>\n",
       "      <td>0.006067</td>\n",
       "      <td>0.001164</td>\n",
       "      <td>0.026696</td>\n",
       "      <td>0.005986</td>\n",
       "      <td>1.000000</td>\n",
       "      <td>0.020656</td>\n",
       "    </tr>\n",
       "    <tr>\n",
       "      <th>9</th>\n",
       "      <td>0.007292</td>\n",
       "      <td>0.016335</td>\n",
       "      <td>0.008189</td>\n",
       "      <td>0.008687</td>\n",
       "      <td>0.008334</td>\n",
       "      <td>0.005920</td>\n",
       "      <td>0.014562</td>\n",
       "      <td>0.019910</td>\n",
       "      <td>0.020656</td>\n",
       "      <td>1.000000</td>\n",
       "    </tr>\n",
       "  </tbody>\n",
       "</table>\n",
       "</div>"
      ],
      "text/plain": [
       "          0         1         2         3         4         5         6  \\\n",
       "0  1.000000  0.023566  0.030974  0.006135  0.048488  0.014640  0.001964   \n",
       "1  0.023566  1.000000  0.011314  0.017849  0.005569  0.007815  0.015914   \n",
       "2  0.030974  0.011314  1.000000  0.002780  0.013671  0.006871  0.011316   \n",
       "3  0.006135  0.017849  0.002780  1.000000  0.007520  0.013662  0.002640   \n",
       "4  0.048488  0.005569  0.013671  0.007520  1.000000  0.027734  0.006407   \n",
       "5  0.014640  0.007815  0.006871  0.013662  0.027734  1.000000  0.008127   \n",
       "6  0.001964  0.015914  0.011316  0.002640  0.006407  0.008127  1.000000   \n",
       "7  0.004974  0.007599  0.005081  0.006594  0.010601  0.003067  0.007783   \n",
       "8  0.034417  0.008650  0.034592  0.003020  0.006067  0.001164  0.026696   \n",
       "9  0.007292  0.016335  0.008189  0.008687  0.008334  0.005920  0.014562   \n",
       "\n",
       "          7         8         9  \n",
       "0  0.004974  0.034417  0.007292  \n",
       "1  0.007599  0.008650  0.016335  \n",
       "2  0.005081  0.034592  0.008189  \n",
       "3  0.006594  0.003020  0.008687  \n",
       "4  0.010601  0.006067  0.008334  \n",
